0.6,2,12,10,2085,669,4956160,1916928,0,da39a3ee5e6b4b0d3255bfef95601890afd80709
2.2,2,12,10,2085,669,4956160,1916928,0,da39a3ee5e6b4b0d3255bfef95601890afd80709
1.3,2,12,10,2085,669,4956160,1916928,0,da39a3ee5e6b4b0d3255bfef95601890afd80709
2.5,2,12,10,2085,669,4956160,1916928,0,da39a3ee5e6b4b0d3255bfef95601890afd80709
0.6,2,12,10,2085,669,4960256,1916928,0,da39a3ee5e6b4b0d3255bfef95601890afd80709
0.6,2,12,10,2085,669,4960256,1916928,0,da39a3ee5e6b4b0d3255bfef95601890afd80709
0.9,2,12,10,2085,669,4964352,1916928,0,da39a3ee5e6b4b0d3255bfef95601890afd80709
0.6,2,12,10,2085,669,4964352,1916928,0,da39a3ee5e6b4b0d3255bfef95601890afd80709
0.6,2,12,10,2085,669,4964352,1916928,0,da39a3ee5e6b4b0d3255bfef95601890afd80709
0,2,12,10,2085,669,4964352,1916928,0,da39a3ee5e6b4b0d3255bfef95601890afd80709
0.9,2,12,10,2085,669,4964352,1916928,0,da39a3ee5e6b4b0d3255bfef95601890afd80709
0,2,12,10,2085,669,4964352,1916928,0,da39a3ee5e6b4b0d3255bfef95601890afd80709
0,2,12,10,2085,669,4964352,1916928,0,da39a3ee5e6b4b0d3255bfef95601890afd80709
0.6,2,12,10,2085,669,4964352,1916928,0,da39a3ee5e6b4b0d3255bfef95601890afd80709
0,2,12,10,2085,669,4964352,1916928,0,da39a3ee5e6b4b0d3255bfef95601890afd80709
0,2,12,10,2085,669,4964352,1916928,0,da39a3ee5e6b4b0d3255bfef95601890afd80709
0.3,2,12,10,2085,669,4964352,1916928,0,da39a3ee5e6b4b0d3255bfef95601890afd80709
0,2,12,10,2085,669,4964352,1916928,0,da39a3ee5e6b4b0d3255bfef95601890afd80709
0,2,12,10,2085,669,4964352,1916928,0,da39a3ee5e6b4b0d3255bfef95601890afd80709
0.3,2,12,10,2085,669,4964352,1916928,0,da39a3ee5e6b4b0d3255bfef95601890afd80709
0,2,12,10,2085,669,4964352,1916928,0,da39a3ee5e6b4b0d3255bfef95601890afd80709
0,2,12,10,2085,669,4964352,1916928,0,da39a3ee5e6b4b0d3255bfef95601890afd80709
4.4,2,12,10,2085,669,4964352,1916928,0,da39a3ee5e6b4b0d3255bfef95601890afd80709
0.3,2,12,10,2085,669,4964352,1916928,0,da39a3ee5e6b4b0d3255bfef95601890afd80709
0,2,12,10,2085,669,4964352,1916928,0,da39a3ee5e6b4b0d3255bfef95601890afd80709
0,2,12,10,2085,669,4964352,1916928,0,da39a3ee5e6b4b0d3255bfef95601890afd80709
0.3,2,12,10,2085,669,4964352,1916928,0,da39a3ee5e6b4b0d3255bfef95601890afd80709
1.2,2,12,10,2085,669,4968448,1916928,0,da39a3ee5e6b4b0d3255bfef95601890afd80709
0.6,2,12,10,2085,669,4968448,1916928,0,da39a3ee5e6b4b0d3255bfef95601890afd80709
1.2,2,12,10,2085,669,4968448,1916928,0,da39a3ee5e6b4b0d3255bfef95601890afd80709
1.6,2,12,10,2085,669,4968448,1916928,0,da39a3ee5e6b4b0d3255bfef95601890afd80709
0,2,12,10,2085,669,4968448,1916928,0,da39a3ee5e6b4b0d3255bfef95601890afd80709
0.3,2,12,10,2085,669,4968448,1916928,0,da39a3ee5e6b4b0d3255bfef95601890afd80709
0.9,2,12,10,2085,669,4968448,1916928,0,da39a3ee5e6b4b0d3255bfef95601890afd80709
2.8,2,12,10,2085,669,4968448,1916928,0,da39a3ee5e6b4b0d3255bfef95601890afd80709
0,2,12,10,2085,669,4968448,1916928,0,da39a3ee5e6b4b0d3255bfef95601890afd80709
3.8,2,12,10,2085,669,4976640,1916928,0,da39a3ee5e6b4b0d3255bfef95601890afd80709
3.4,2,12,10,2085,669,4976640,1916928,0,da39a3ee5e6b4b0d3255bfef95601890afd80709
0,2,12,10,2085,669,4976640,1916928,0,da39a3ee5e6b4b0d3255bfef95601890afd80709
0.3,2,12,10,2085,669,4976640,1916928,0,da39a3ee5e6b4b0d3255bfef95601890afd80709
0.3,2,12,10,2085,669,4976640,1916928,0,da39a3ee5e6b4b0d3255bfef95601890afd80709
0,2,12,10,2085,669,4976640,1916928,0,da39a3ee5e6b4b0d3255bfef95601890afd80709
1.3,2,12,10,2085,669,4816896,1650688,0,da39a3ee5e6b4b0d3255bfef95601890afd80709
2.2,2,12,10,2085,669,4816896,1650688,0,da39a3ee5e6b4b0d3255bfef95601890afd80709
2.2,2,12,10,2085,669,4816896,1650688,0,da39a3ee5e6b4b0d3255bfef95601890afd80709
1.6,2,12,10,2085,669,4816896,1650688,0,da39a3ee5e6b4b0d3255bfef95601890afd80709
2.5,2,12,10,2085,669,4816896,1650688,0,da39a3ee5e6b4b0d3255bfef95601890afd80709
2.2,2,12,10,2085,669,4816896,1650688,0,da39a3ee5e6b4b0d3255bfef95601890afd80709
1.9,2,12,10,2085,669,4833280,1667072,0,da39a3ee5e6b4b0d3255bfef95601890afd80709
1.9,2,12,10,2085,669,4866048,1699840,0,da39a3ee5e6b4b0d3255bfef95601890afd80709
6.9,2,12,10,2085,669,4866048,1699840,0,da39a3ee5e6b4b0d3255bfef95601890afd80709
0.6,2,12,10,2085,669,4866048,1699840,0,da39a3ee5e6b4b0d3255bfef95601890afd80709
0,2,12,10,2085,669,4866048,1699840,0,da39a3ee5e6b4b0d3255bfef95601890afd80709
0.6,2,12,10,2085,669,4866048,1699840,0,da39a3ee5e6b4b0d3255bfef95601890afd80709
1.3,2,12,10,2085,669,4866048,1699840,0,da39a3ee5e6b4b0d3255bfef95601890afd80709
0.3,2,12,10,2085,669,4866048,1699840,0,da39a3ee5e6b4b0d3255bfef95601890afd80709
0.6,2,12,10,2085,669,4866048,1699840,0,da39a3ee5e6b4b0d3255bfef95601890afd80709
0.6,2,12,10,2085,669,4866048,1699840,0,da39a3ee5e6b4b0d3255bfef95601890afd80709
0.6,2,12,10,2085,669,4870144,1703936,0,da39a3ee5e6b4b0d3255bfef95601890afd80709
1.9,2,12,10,2085,669,4870144,1703936,0,da39a3ee5e6b4b0d3255bfef95601890afd80709
11.9,2,12,10,2085,669,4919296,1753088,0,da39a3ee5e6b4b0d3255bfef95601890afd80709
0,2,12,10,2085,669,4919296,1753088,0,da39a3ee5e6b4b0d3255bfef95601890afd80709
0,2,12,10,2085,669,4919296,1753088,0,da39a3ee5e6b4b0d3255bfef95601890afd80709
0,2,12,10,2085,669,4919296,1753088,0,da39a3ee5e6b4b0d3255bfef95601890afd80709
0.6,2,12,10,2085,669,4919296,1753088,0,da39a3ee5e6b4b0d3255bfef95601890afd80709
0,2,12,10,2085,669,5226496,2048000,0,da39a3ee5e6b4b0d3255bfef95601890afd80709
0,2,12,10,2085,669,5226496,2048000,0,da39a3ee5e6b4b0d3255bfef95601890afd80709
0,2,12,10,2085,669,5226496,2048000,0,da39a3ee5e6b4b0d3255bfef95601890afd80709
0,2,12,10,2085,669,5226496,2048000,0,da39a3ee5e6b4b0d3255bfef95601890afd80709
0,2,12,10,2085,669,5226496,2048000,0,da39a3ee5e6b4b0d3255bfef95601890afd80709
0,2,12,10,2085,669,5226496,2048000,0,da39a3ee5e6b4b0d3255bfef95601890afd80709
0,2,12,10,2085,669,5226496,2048000,0,da39a3ee5e6b4b0d3255bfef95601890afd80709
0,2,12,10,2085,669,5226496,2048000,0,da39a3ee5e6b4b0d3255bfef95601890afd80709
0,2,12,10,2085,669,5226496,2048000,0,da39a3ee5e6b4b0d3255bfef95601890afd80709
0,2,12,10,2085,669,5226496,2048000,0,da39a3ee5e6b4b0d3255bfef95601890afd80709
0,2,12,10,2085,669,5226496,2048000,0,da39a3ee5e6b4b0d3255bfef95601890afd80709
0,2,12,10,2085,669,5226496,2048000,0,da39a3ee5e6b4b0d3255bfef95601890afd80709
0,2,12,10,2085,669,5226496,2048000,0,da39a3ee5e6b4b0d3255bfef95601890afd80709
0,2,12,10,2085,669,5226496,2048000,0,da39a3ee5e6b4b0d3255bfef95601890afd80709
0,2,12,10,2085,669,5226496,2048000,0,da39a3ee5e6b4b0d3255bfef95601890afd80709
0,2,12,10,2085,669,5226496,2048000,0,da39a3ee5e6b4b0d3255bfef95601890afd80709
0,2,12,10,2085,669,5226496,2048000,0,da39a3ee5e6b4b0d3255bfef95601890afd80709
0,2,12,10,2085,669,5226496,2048000,0,da39a3ee5e6b4b0d3255bfef95601890afd80709
0,2,12,10,2085,669,5226496,2048000,0,da39a3ee5e6b4b0d3255bfef95601890afd80709
0.3,2,12,10,2085,669,5226496,2048000,0,da39a3ee5e6b4b0d3255bfef95601890afd80709
0,2,12,10,2085,669,5226496,2048000,0,da39a3ee5e6b4b0d3255bfef95601890afd80709
0.6,2,12,10,2085,669,4956160,1916928,0,da39a3ee5e6b4b0d3255bfef95601890afd80709
2.2,2,12,10,2085,669,4956160,1916928,0,da39a3ee5e6b4b0d3255bfef95601890afd80709
1.3,2,12,10,2085,669,4956160,1916928,0,da39a3ee5e6b4b0d3255bfef95601890afd80709
2.5,2,12,10,2085,669,4956160,1916928,0,da39a3ee5e6b4b0d3255bfef95601890afd80709
0.6,2,12,10,2085,669,4960256,1916928,0,da39a3ee5e6b4b0d3255bfef95601890afd80709
0.6,2,12,10,2085,669,4960256,1916928,0,da39a3ee5e6b4b0d3255bfef95601890afd80709
0.9,2,12,10,2085,669,4964352,1916928,0,da39a3ee5e6b4b0d3255bfef95601890afd80709
0.6,2,12,10,2085,669,4964352,1916928,0,da39a3ee5e6b4b0d3255bfef95601890afd80709
0.6,2,12,10,2085,669,4964352,1916928,0,da39a3ee5e6b4b0d3255bfef95601890afd80709
0,2,12,10,2085,669,4964352,1916928,0,da39a3ee5e6b4b0d3255bfef95601890afd80709
0.9,2,12,10,2085,669,4964352,1916928,0,da39a3ee5e6b4b0d3255bfef95601890afd80709
0,2,12,10,2085,669,4964352,1916928,0,da39a3ee5e6b4b0d3255bfef95601890afd80709
0,2,12,10,2085,669,4964352,1916928,0,da39a3ee5e6b4b0d3255bfef95601890afd80709
0.6,2,12,10,2085,669,4964352,1916928,0,da39a3ee5e6b4b0d3255bfef95601890afd80709
0,2,12,10,2085,669,4964352,1916928,0,da39a3ee5e6b4b0d3255bfef95601890afd80709
0,2,12,10,2085,669,4964352,1916928,0,da39a3ee5e6b4b0d3255bfef95601890afd80709
0.3,2,12,10,2085,669,4964352,1916928,0,da39a3ee5e6b4b0d3255bfef95601890afd80709
0,2,12,10,2085,669,4964352,1916928,0,da39a3ee5e6b4b0d3255bfef95601890afd80709
0,2,12,10,2085,669,4964352,1916928,0,da39a3ee5e6b4b0d3255bfef95601890afd80709
0.3,2,12,10,2085,669,4964352,1916928,0,da39a3ee5e6b4b0d3255bfef95601890afd80709
0,2,12,10,2085,669,4964352,1916928,0,da39a3ee5e6b4b0d3255bfef95601890afd80709
0,2,12,10,2085,669,4964352,1916928,0,da39a3ee5e6b4b0d3255bfef95601890afd80709
4.4,2,12,10,2085,669,4964352,1916928,0,da39a3ee5e6b4b0d3255bfef95601890afd80709
0.3,2,12,10,2085,669,4964352,1916928,0,da39a3ee5e6b4b0d3255bfef95601890afd80709
0,2,12,10,2085,669,4964352,1916928,0,da39a3ee5e6b4b0d3255bfef95601890afd80709
0,2,12,10,2085,669,4964352,1916928,0,da39a3ee5e6b4b0d3255bfef95601890afd80709
0.3,2,12,10,2085,669,4964352,1916928,0,da39a3ee5e6b4b0d3255bfef95601890afd80709
1.2,2,12,10,2085,669,4968448,1916928,0,da39a3ee5e6b4b0d3255bfef95601890afd80709
0.6,2,12,10,2085,669,4968448,1916928,0,da39a3ee5e6b4b0d3255bfef95601890afd80709
1.2,2,12,10,2085,669,4968448,1916928,0,da39a3ee5e6b4b0d3255bfef95601890afd80709
1.6,2,12,10,2085,669,4968448,1916928,0,da39a3ee5e6b4b0d3255bfef95601890afd80709
0,2,12,10,2085,669,4968448,1916928,0,da39a3ee5e6b4b0d3255bfef95601890afd80709
0.3,2,12,10,2085,669,4968448,1916928,0,da39a3ee5e6b4b0d3255bfef95601890afd80709
0.9,2,12,10,2085,669,4968448,1916928,0,da39a3ee5e6b4b0d3255bfef95601890afd80709
2.8,2,12,10,2085,669,4968448,1916928,0,da39a3ee5e6b4b0d3255bfef95601890afd80709
0,2,12,10,2085,669,4968448,1916928,0,da39a3ee5e6b4b0d3255bfef95601890afd80709
3.8,2,12,10,2085,669,4976640,1916928,0,da39a3ee5e6b4b0d3255bfef95601890afd80709
3.4,2,12,10,2085,669,4976640,1916928,0,da39a3ee5e6b4b0d3255bfef95601890afd80709
0,2,12,10,2085,669,4976640,1916928,0,da39a3ee5e6b4b0d3255bfef95601890afd80709
0.3,2,12,10,2085,669,4976640,1916928,0,da39a3ee5e6b4b0d3255bfef95601890afd80709
0.3,2,12,10,2085,669,4976640,1916928,0,da39a3ee5e6b4b0d3255bfef95601890afd80709
0,2,12,10,2085,669,4976640,1916928,0,da39a3ee5e6b4b0d3255bfef95601890afd80709
1.3,2,12,10,2085,669,4816896,1650688,0,da39a3ee5e6b4b0d3255bfef95601890afd80709
2.2,2,12,10,2085,669,4816896,1650688,0,da39a3ee5e6b4b0d3255bfef95601890afd80709
2.2,2,12,10,2085,669,4816896,1650688,0,da39a3ee5e6b4b0d3255bfef95601890afd80709
1.6,2,12,10,2085,669,4816896,1650688,0,da39a3ee5e6b4b0d3255bfef95601890afd80709
2.5,2,12,10,2085,669,4816896,1650688,0,da39a3ee5e6b4b0d3255bfef95601890afd80709
2.2,2,12,10,2085,669,4816896,1650688,0,da39a3ee5e6b4b0d3255bfef95601890afd80709
1.9,2,12,10,2085,669,4833280,1667072,0,da39a3ee5e6b4b0d3255bfef95601890afd80709
1.9,2,12,10,2085,669,4866048,1699840,0,da39a3ee5e6b4b0d3255bfef95601890afd80709
6.9,2,12,10,2085,669,4866048,1699840,0,da39a3ee5e6b4b0d3255bfef95601890afd80709
0.6,2,12,10,2085,669,4866048,1699840,0,da39a3ee5e6b4b0d3255bfef95601890afd80709
0,2,12,10,2085,669,4866048,1699840,0,da39a3ee5e6b4b0d3255bfef95601890afd80709
0.6,2,12,10,2085,669,4866048,1699840,0,da39a3ee5e6b4b0d3255bfef95601890afd80709
1.3,2,12,10,2085,669,4866048,1699840,0,da39a3ee5e6b4b0d3255bfef95601890afd80709
0.3,2,12,10,2085,669,4866048,1699840,0,da39a3ee5e6b4b0d3255bfef95601890afd80709
0.6,2,12,10,2085,669,4866048,1699840,0,da39a3ee5e6b4b0d3255bfef95601890afd80709
0.6,2,12,10,2085,669,4866048,1699840,0,da39a3ee5e6b4b0d3255bfef95601890afd80709
0.6,2,12,10,2085,669,4870144,1703936,0,da39a3ee5e6b4b0d3255bfef95601890afd80709
1.9,2,12,10,2085,669,4870144,1703936,0,da39a3ee5e6b4b0d3255bfef95601890afd80709
11.9,2,12,10,2085,669,4919296,1753088,0,da39a3ee5e6b4b0d3255bfef95601890afd80709
0,2,12,10,2085,669,4919296,1753088,0,da39a3ee5e6b4b0d3255bfef95601890afd80709
0,2,12,10,2085,669,4919296,1753088,0,da39a3ee5e6b4b0d3255bfef95601890afd80709
0,2,12,10,2085,669,4919296,1753088,0,da39a3ee5e6b4b0d3255bfef95601890afd80709
0.6,2,12,10,2085,669,4919296,1753088,0,da39a3ee5e6b4b0d3255bfef95601890afd80709
0,2,12,10,2085,669,5226496,2048000,0,da39a3ee5e6b4b0d3255bfef95601890afd80709
0,2,12,10,2085,669,5226496,2048000,0,da39a3ee5e6b4b0d3255bfef95601890afd80709
0,2,12,10,2085,669,5226496,2048000,0,da39a3ee5e6b4b0d3255bfef95601890afd80709
0,2,12,10,2085,669,5226496,2048000,0,da39a3ee5e6b4b0d3255bfef95601890afd80709
0,2,12,10,2085,669,5226496,2048000,0,da39a3ee5e6b4b0d3255bfef95601890afd80709
0,2,12,10,2085,669,5226496,2048000,0,da39a3ee5e6b4b0d3255bfef95601890afd80709
0,2,12,10,2085,669,5226496,2048000,0,da39a3ee5e6b4b0d3255bfef95601890afd80709
0,2,12,10,2085,669,5226496,2048000,0,da39a3ee5e6b4b0d3255bfef95601890afd80709
0,2,12,10,2085,669,5226496,2048000,0,da39a3ee5e6b4b0d3255bfef95601890afd80709
0,2,12,10,2085,669,5226496,2048000,0,da39a3ee5e6b4b0d3255bfef95601890afd80709
0,2,12,10,2085,669,5226496,2048000,0,da39a3ee5e6b4b0d3255bfef95601890afd80709
0,2,12,10,2085,669,5226496,2048000,0,da39a3ee5e6b4b0d3255bfef95601890afd80709
0,2,12,10,2085,669,5226496,2048000,0,da39a3ee5e6b4b0d3255bfef95601890afd80709
0,2,12,10,2085,669,5226496,2048000,0,da39a3ee5e6b4b0d3255bfef95601890afd80709
0,2,12,10,2085,669,5226496,2048000,0,da39a3ee5e6b4b0d3255bfef95601890afd80709
0,2,12,10,2085,669,5226496,2048000,0,da39a3ee5e6b4b0d3255bfef95601890afd80709
0,2,12,10,2085,669,5226496,2048000,0,da39a3ee5e6b4b0d3255bfef95601890afd80709
0,2,12,10,2085,669,5226496,2048000,0,da39a3ee5e6b4b0d3255bfef95601890afd80709
0,2,12,10,2085,669,5226496,2048000,0,da39a3ee5e6b4b0d3255bfef95601890afd80709
0.3,2,12,10,2085,669,5226496,2048000,0,da39a3ee5e6b4b0d3255bfef95601890afd80709
0,2,12,10,2085,669,5226496,2048000,0,da39a3ee5e6b4b0d3255bfef95601890afd80709
0.6,2,12,10,2085,669,4956160,1916928,0,da39a3ee5e6b4b0d3255bfef95601890afd80709
2.2,2,12,10,2085,669,4956160,1916928,0,da39a3ee5e6b4b0d3255bfef95601890afd80709
1.3,2,12,10,2085,669,4956160,1916928,0,da39a3ee5e6b4b0d3255bfef95601890afd80709
2.5,2,12,10,2085,669,4956160,1916928,0,da39a3ee5e6b4b0d3255bfef95601890afd80709
0.6,2,12,10,2085,669,4960256,1916928,0,da39a3ee5e6b4b0d3255bfef95601890afd80709
0.6,2,12,10,2085,669,4960256,1916928,0,da39a3ee5e6b4b0d3255bfef95601890afd80709
0.9,2,12,10,2085,669,4964352,1916928,0,da39a3ee5e6b4b0d3255bfef95601890afd80709
0.6,2,12,10,2085,669,4964352,1916928,0,da39a3ee5e6b4b0d3255bfef95601890afd80709
0.6,2,12,10,2085,669,4964352,1916928,0,da39a3ee5e6b4b0d3255bfef95601890afd80709
0,2,12,10,2085,669,4964352,1916928,0,da39a3ee5e6b4b0d3255bfef95601890afd80709
0.9,2,12,10,2085,669,4964352,1916928,0,da39a3ee5e6b4b0d3255bfef95601890afd80709
0,2,12,10,2085,669,4964352,1916928,0,da39a3ee5e6b4b0d3255bfef95601890afd80709
0,2,12,10,2085,669,4964352,1916928,0,da39a3ee5e6b4b0d3255bfef95601890afd80709
0.6,2,12,10,2085,669,4964352,1916928,0,da39a3ee5e6b4b0d3255bfef95601890afd80709
0,2,12,10,2085,669,4964352,1916928,0,da39a3ee5e6b4b0d3255bfef95601890afd80709
0,2,12,10,2085,669,4964352,1916928,0,da39a3ee5e6b4b0d3255bfef95601890afd80709
0.3,2,12,10,2085,669,4964352,1916928,0,da39a3ee5e6b4b0d3255bfef95601890afd80709
0,2,12,10,2085,669,4964352,1916928,0,da39a3ee5e6b4b0d3255bfef95601890afd80709
0,2,12,10,2085,669,4964352,1916928,0,da39a3ee5e6b4b0d3255bfef95601890afd80709
0.3,2,12,10,2085,669,4964352,1916928,0,da39a3ee5e6b4b0d3255bfef95601890afd80709
0,2,12,10,2085,669,4964352,1916928,0,da39a3ee5e6b4b0d3255bfef95601890afd80709
0,2,12,10,2085,669,4964352,1916928,0,da39a3ee5e6b4b0d3255bfef95601890afd80709
4.4,2,12,10,2085,669,4964352,1916928,0,da39a3ee5e6b4b0d3255bfef95601890afd80709
0.3,2,12,10,2085,669,4964352,1916928,0,da39a3ee5e6b4b0d3255bfef95601890afd80709
0,2,12,10,2085,669,4964352,1916928,0,da39a3ee5e6b4b0d3255bfef95601890afd80709
0,2,12,10,2085,669,4964352,1916928,0,da39a3ee5e6b4b0d3255bfef95601890afd80709
0.3,2,12,10,2085,669,4964352,1916928,0,da39a3ee5e6b4b0d3255bfef95601890afd80709
1.2,2,12,10,2085,669,4968448,1916928,0,da39a3ee5e6b4b0d3255bfef95601890afd80709
0.6,2,12,10,2085,669,4968448,1916928,0,da39a3ee5e6b4b0d3255bfef95601890afd80709
1.2,2,12,10,2085,669,4968448,1916928,0,da39a3ee5e6b4b0d3255bfef95601890afd80709
1.6,2,12,10,2085,669,4968448,1916928,0,da39a3ee5e6b4b0d3255bfef95601890afd80709
0,2,12,10,2085,669,4968448,1916928,0,da39a3ee5e6b4b0d3255bfef95601890afd80709
0.3,2,12,10,2085,669,4968448,1916928,0,da39a3ee5e6b4b0d3255bfef95601890afd80709
0.9,2,12,10,2085,669,4968448,1916928,0,da39a3ee5e6b4b0d3255bfef95601890afd80709
2.8,2,12,10,2085,669,4968448,1916928,0,da39a3ee5e6b4b0d3255bfef95601890afd80709
0,2,12,10,2085,669,4968448,1916928,0,da39a3ee5e6b4b0d3255bfef95601890afd80709
3.8,2,12,10,2085,669,4976640,1916928,0,da39a3ee5e6b4b0d3255bfef95601890afd80709
3.4,2,12,10,2085,669,4976640,1916928,0,da39a3ee5e6b4b0d3255bfef95601890afd80709
0,2,12,10,2085,669,4976640,1916928,0,da39a3ee5e6b4b0d3255bfef95601890afd80709
0.3,2,12,10,2085,669,4976640,1916928,0,da39a3ee5e6b4b0d3255bfef95601890afd80709
0.3,2,12,10,2085,669,4976640,1916928,0,da39a3ee5e6b4b0d3255bfef95601890afd80709
0,2,12,10,2085,669,4976640,1916928,0,da39a3ee5e6b4b0d3255bfef95601890afd80709
1.3,2,12,10,2085,669,4816896,1650688,0,da39a3ee5e6b4b0d3255bfef95601890afd80709
2.2,2,12,10,2085,669,4816896,1650688,0,da39a3ee5e6b4b0d3255bfef95601890afd80709
2.2,2,12,10,2085,669,4816896,1650688,0,da39a3ee5e6b4b0d3255bfef95601890afd80709
1.6,2,12,10,2085,669,4816896,1650688,0,da39a3ee5e6b4b0d3255bfef95601890afd80709
2.5,2,12,10,2085,669,4816896,1650688,0,da39a3ee5e6b4b0d3255bfef95601890afd80709
2.2,2,12,10,2085,669,4816896,1650688,0,da39a3ee5e6b4b0d3255bfef95601890afd80709
1.9,2,12,10,2085,669,4833280,1667072,0,da39a3ee5e6b4b0d3255bfef95601890afd80709
1.9,2,12,10,2085,669,4866048,1699840,0,da39a3ee5e6b4b0d3255bfef95601890afd80709
6.9,2,12,10,2085,669,4866048,1699840,0,da39a3ee5e6b4b0d3255bfef95601890afd80709
0.6,2,12,10,2085,669,4866048,1699840,0,da39a3ee5e6b4b0d3255bfef95601890afd80709
0,2,12,10,2085,669,4866048,1699840,0,da39a3ee5e6b4b0d3255bfef95601890afd80709
0.6,2,12,10,2085,669,4866048,1699840,0,da39a3ee5e6b4b0d3255bfef95601890afd80709
1.3,2,12,10,2085,669,4866048,1699840,0,da39a3ee5e6b4b0d3255bfef95601890afd80709
0.3,2,12,10,2085,669,4866048,1699840,0,da39a3ee5e6b4b0d3255bfef95601890afd80709
0.6,2,12,10,2085,669,4866048,1699840,0,da39a3ee5e6b4b0d3255bfef95601890afd80709
0.6,2,12,10,2085,669,4866048,1699840,0,da39a3ee5e6b4b0d3255bfef95601890afd80709
0.6,2,12,10,2085,669,4870144,1703936,0,da39a3ee5e6b4b0d3255bfef95601890afd80709
1.9,2,12,10,2085,669,4870144,1703936,0,da39a3ee5e6b4b0d3255bfef95601890afd80709
11.9,2,12,10,2085,669,4919296,1753088,0,da39a3ee5e6b4b0d3255bfef95601890afd80709
0,2,12,10,2085,669,4919296,1753088,0,da39a3ee5e6b4b0d3255bfef95601890afd80709
0,2,12,10,2085,669,4919296,1753088,0,da39a3ee5e6b4b0d3255bfef95601890afd80709
0,2,12,10,2085,669,4919296,1753088,0,da39a3ee5e6b4b0d3255bfef95601890afd80709
0.6,2,12,10,2085,669,4919296,1753088,0,da39a3ee5e6b4b0d3255bfef95601890afd80709
0,2,12,10,2085,669,5226496,2048000,0,da39a3ee5e6b4b0d3255bfef95601890afd80709
0,2,12,10,2085,669,5226496,2048000,0,da39a3ee5e6b4b0d3255bfef95601890afd80709
0,2,12,10,2085,669,5226496,2048000,0,da39a3ee5e6b4b0d3255bfef95601890afd80709
0,2,12,10,2085,669,5226496,2048000,0,da39a3ee5e6b4b0d3255bfef95601890afd80709
0,2,12,10,2085,669,5226496,2048000,0,da39a3ee5e6b4b0d3255bfef95601890afd80709
0,2,12,10,2085,669,5226496,2048000,0,da39a3ee5e6b4b0d3255bfef95601890afd80709
0,2,12,10,2085,669,5226496,2048000,0,da39a3ee5e6b4b0d3255bfef95601890afd80709
0,2,12,10,2085,669,5226496,2048000,0,da39a3ee5e6b4b0d3255bfef95601890afd80709
0,2,12,10,2085,669,5226496,2048000,0,da39a3ee5e6b4b0d3255bfef95601890afd80709
0,2,12,10,2085,669,5226496,2048000,0,da39a3ee5e6b4b0d3255bfef95601890afd80709
0,2,12,10,2085,669,5226496,2048000,0,da39a3ee5e6b4b0d3255bfef95601890afd80709
0,2,12,10,2085,669,5226496,2048000,0,da39a3ee5e6b4b0d3255bfef95601890afd80709
0,2,12,10,2085,669,5226496,2048000,0,da39a3ee5e6b4b0d3255bfef95601890afd80709
0,2,12,10,2085,669,5226496,2048000,0,da39a3ee5e6b4b0d3255bfef95601890afd80709
0,2,12,10,2085,669,5226496,2048000,0,da39a3ee5e6b4b0d3255bfef95601890afd80709
0,2,12,10,2085,669,5226496,2048000,0,da39a3ee5e6b4b0d3255bfef95601890afd80709
0,2,12,10,2085,669,5226496,2048000,0,da39a3ee5e6b4b0d3255bfef95601890afd80709
0,2,12,10,2085,669,5226496,2048000,0,da39a3ee5e6b4b0d3255bfef95601890afd80709
0,2,12,10,2085,669,5226496,2048000,0,da39a3ee5e6b4b0d3255bfef95601890afd80709
0.3,2,12,10,2085,669,5226496,2048000,0,da39a3ee5e6b4b0d3255bfef95601890afd80709
0,2,12,10,2085,669,5226496,2048000,0,da39a3ee5e6b4b0d3255bfef95601890afd80709
0.6,2,12,10,2085,669,4956160,1916928,0,da39a3ee5e6b4b0d3255bfef95601890afd80709
2.2,2,12,10,2085,669,4956160,1916928,0,da39a3ee5e6b4b0d3255bfef95601890afd80709
1.3,2,12,10,2085,669,4956160,1916928,0,da39a3ee5e6b4b0d3255bfef95601890afd80709
2.5,2,12,10,2085,669,4956160,1916928,0,da39a3ee5e6b4b0d3255bfef95601890afd80709
0.6,2,12,10,2085,669,4960256,1916928,0,da39a3ee5e6b4b0d3255bfef95601890afd80709
0.6,2,12,10,2085,669,4960256,1916928,0,da39a3ee5e6b4b0d3255bfef95601890afd80709
0.9,2,12,10,2085,669,4964352,1916928,0,da39a3ee5e6b4b0d3255bfef95601890afd80709
0.6,2,12,10,2085,669,4964352,1916928,0,da39a3ee5e6b4b0d3255bfef95601890afd80709
0.6,2,12,10,2085,669,4964352,1916928,0,da39a3ee5e6b4b0d3255bfef95601890afd80709
0,2,12,10,2085,669,4964352,1916928,0,da39a3ee5e6b4b0d3255bfef95601890afd80709
0.9,2,12,10,2085,669,4964352,1916928,0,da39a3ee5e6b4b0d3255bfef95601890afd80709
0,2,12,10,2085,669,4964352,1916928,0,da39a3ee5e6b4b0d3255bfef95601890afd80709
0,2,12,10,2085,669,4964352,1916928,0,da39a3ee5e6b4b0d3255bfef95601890afd80709
0.6,2,12,10,2085,669,4964352,1916928,0,da39a3ee5e6b4b0d3255bfef95601890afd80709
0,2,12,10,2085,669,4964352,1916928,0,da39a3ee5e6b4b0d3255bfef95601890afd80709
0,2,12,10,2085,669,4964352,1916928,0,da39a3ee5e6b4b0d3255bfef95601890afd80709
0.3,2,12,10,2085,669,4964352,1916928,0,da39a3ee5e6b4b0d3255bfef95601890afd80709
0,2,12,10,2085,669,4964352,1916928,0,da39a3ee5e6b4b0d3255bfef95601890afd80709
0,2,12,10,2085,669,4964352,1916928,0,da39a3ee5e6b4b0d3255bfef95601890afd80709
0.3,2,12,10,2085,669,4964352,1916928,0,da39a3ee5e6b4b0d3255bfef95601890afd80709
0,2,12,10,2085,669,4964352,1916928,0,da39a3ee5e6b4b0d3255bfef95601890afd80709
0,2,12,10,2085,669,4964352,1916928,0,da39a3ee5e6b4b0d3255bfef95601890afd80709
4.4,2,12,10,2085,669,4964352,1916928,0,da39a3ee5e6b4b0d3255bfef95601890afd80709
0.3,2,12,10,2085,669,4964352,1916928,0,da39a3ee5e6b4b0d3255bfef95601890afd80709
0,2,12,10,2085,669,4964352,1916928,0,da39a3ee5e6b4b0d3255bfef95601890afd80709
0,2,12,10,2085,669,4964352,1916928,0,da39a3ee5e6b4b0d3255bfef95601890afd80709
0.3,2,12,10,2085,669,4964352,1916928,0,da39a3ee5e6b4b0d3255bfef95601890afd80709
1.2,2,12,10,2085,669,4968448,1916928,0,da39a3ee5e6b4b0d3255bfef95601890afd80709
0.6,2,12,10,2085,669,4968448,1916928,0,da39a3ee5e6b4b0d3255bfef95601890afd80709
1.2,2,12,10,2085,669,4968448,1916928,0,da39a3ee5e6b4b0d3255bfef95601890afd80709
1.6,2,12,10,2085,669,4968448,1916928,0,da39a3ee5e6b4b0d3255bfef95601890afd80709
0,2,12,10,2085,669,4968448,1916928,0,da39a3ee5e6b4b0d3255bfef95601890afd80709
0.3,2,12,10,2085,669,4968448,1916928,0,da39a3ee5e6b4b0d3255bfef95601890afd80709
0.9,2,12,10,2085,669,4968448,1916928,0,da39a3ee5e6b4b0d3255bfef95601890afd80709
2.8,2,12,10,2085,669,4968448,1916928,0,da39a3ee5e6b4b0d3255bfef95601890afd80709
0,2,12,10,2085,669,4968448,1916928,0,da39a3ee5e6b4b0d3255bfef95601890afd80709
3.8,2,12,10,2085,669,4976640,1916928,0,da39a3ee5e6b4b0d3255bfef95601890afd80709
3.4,2,12,10,2085,669,4976640,1916928,0,da39a3ee5e6b4b0d3255bfef95601890afd80709
0,2,12,10,2085,669,4976640,1916928,0,da39a3ee5e6b4b0d3255bfef95601890afd80709
0.3,2,12,10,2085,669,4976640,1916928,0,da39a3ee5e6b4b0d3255bfef95601890afd80709
0.3,2,12,10,2085,669,4976640,1916928,0,da39a3ee5e6b4b0d3255bfef95601890afd80709
0,2,12,10,2085,669,4976640,1916928,0,da39a3ee5e6b4b0d3255bfef95601890afd80709
